0.19586 1.00000 0.16759 0.98667 0.16981 0.97333 0.16464 0.96000
0.24000 1.00000 0.20911 0.98667 0.19737 0.97333 0.18446 0.96000
0.34907 1.00000 0.31390 0.98667 0.30341 0.97333 0.29950 0.96000
0.43248 1.00000 0.36302 0.98667 0.39082 0.97333 0.39787 0.96000
0.48375 1.00000 0.44226 0.98667 0.44512 0.97333 0.45147 0.96000
0.56134 1.00000 0.52814 0.98667 0.50242 0.97333 0.50135 0.96000
0.65167 1.00000 0.58709 0.98667 0.58227 0.97333 0.58628 0.96000
0.75440 1.00000 0.68415 0.98667 0.66328 0.97333 0.66688 0.96000
0.83916 1.00000 0.77855 0.98667 0.76968 0.97333 0.76894 0.96000
0.92448 1.00000 0.86759 0.98667 0.88321 0.97333 0.90340 0.96000
0.39869 1.00000 0.35526 0.98667 0.34095 0.97333 0.33571 0.96000
0.39658 1.00000 0.36922 0.98667 0.38774 0.97333 0.38868 0.96000
0.44153 1.00000 0.33405 0.98667 0.37557 0.97333 0.38881 0.96000
0.41708 1.00000 0.38382 0.98667 0.39207 0.97333 0.40104 0.96000
0.31895 1.00000 0.38148 0.98667 0.38343 0.97333 0.38753 0.96000
0.33618 1.00000 0.35843 0.98667 0.35586 0.97333 0.36354 0.96000
0.53474 1.00000 0.50560 0.98667 0.50911 0.97333 0.51583 0.96000
0.49462 1.00000 0.49814 0.98667 0.47568 0.97333 0.48219 0.96000
0.51864 1.00000 0.52716 0.98667 0.53054 0.97333 0.54373 0.96000
0.41997 1.00000 0.47056 0.98667 0.47295 0.97333 0.49777 0.96000
0.81955 1.00000 0.70555 0.98667 0.68569 0.97333 0.67280 0.96000
0.80933 1.00000 0.69684 0.98667 0.67759 0.97333 0.67298 0.96000
0.90113 1.00000 0.75624 0.98667 0.72813 0.97333 0.72263 0.96000
0.73689 1.00000 0.64168 0.98667 0.62098 0.97333 0.61537 0.96000
0.39586 1.00000 0.42573 0.98667 0.42529 0.97333 0.42764 0.96000
0.42931 1.00000 0.45438 0.98667 0.44418 0.97333 0.44572 0.96000
0.59896 1.00000 0.53847 0.98667 0.53526 0.97333 0.54062 0.96000
0.27188 1.00000 0.32059 0.98667 0.32943 0.97333 0.33702 0.96000
0.11399 1.00000 0.18587 0.98667 0.20205 0.97333 0.21691 0.96000
0.18033 1.00000 0.25811 0.98667 0.24899 0.97333 0.25919 0.96000
0.75481 1.00000 0.66089 0.98667 0.64035 0.97333 0.63397 0.96000
0.82003 1.00000 0.70268 0.98667 0.67782 0.97333 0.67177 0.96000
0.84911 1.00000 0.73873 0.98667 0.70993 0.97333 0.70608 0.96000
0.69113 1.00000 0.62077 0.98667 0.59197 0.97333 0.58807 0.96000
0.57461 1.00000 0.52250 0.98667 0.49419 0.97333 0.49314 0.96000
0.44417 1.00000 0.47746 0.98667 0.46908 0.97333 0.46922 0.96000
0.38136 1.00000 0.40442 0.98667 0.39348 0.97333 0.39651 0.96000
0.32992 1.00000 0.37182 0.98667 0.36640 0.97333 0.37258 0.96000
0.29550 1.00000 0.35152 0.98667 0.35049 0.97333 0.35757 0.96000
0.28116 1.00000 0.31894 0.98667 0.32959 0.97333 0.33589 0.96000
